import numpy as np

fig5 = {
    'K4_m2_alpha0.0': {'m_naiveUCB1': {'reward': np.array([27.992, 60.53495, 90.13805, 122.31115, 150.76825, 186.0208,
                                                           218.72135, 250.61545, 276.3079, 303.63605]),
                                       'cumreward': np.array([63.2186, 134.8131, 199.7062, 273.3855, 332.1432, 406.1687,
                                                              471.0008, 547.2435, 598.2584, 659.617]),
                                       'cumReg': np.array([-28.55689247, -62.90639872, -94.0477956, -130.00407938,
                                                           -158.51953726, -194.85256881, -226.66751776, -264.1463241,
                                                           -289.14066758, -319.09197251]),
                                       'regret': np.array(
                                           [6.66970753, 11.37175128, 15.5203544, 21.07027062, 22.85541274,
                                            25.29533119, 25.61193224, 32.4817259, 32.80983242, 36.88897749]),
                                       'standardError': np.array(
                                           [0.16918236, 0.33412899, 0.50471259, 0.77256438, 0.84231109,
                                            0.99643281, 1.01333229, 1.27655039, 1.36379814, 1.64665782])},
                       'm_ADAETC_': {'reward': np.array([27.24845, 60.7986, 92.0807, 126.58205, 155.69585, 192.1441,
                                                         224.6665, 260.1444, 286.2499, 315.55395]),
                                     'cumreward': np.array([60.9828, 132.162, 197.3661, 271.1137, 330.0598, 403.7683,
                                                            468.7402, 545.0307, 596.6197, 658.2637]),
                                     'regret': np.array([7.41325753, 11.10810128, 13.5777044, 16.79937062, 17.92781274,
                                                         19.17203119, 19.66678224, 22.9527759, 22.86783242,
                                                         24.97107749]),
                                     'standardError': np.array(
                                         [0.13167715, 0.21576714, 0.26071066, 0.33945002, 0.37656902,
                                          0.42324757, 0.41528656, 0.49110172, 0.52452513, 0.60184928])},
                       'm_ETC_': {'reward': np.array([24.8617, 55.8267, 84.88415, 117.7561, 145.1247, 178.7606,
                                                      208.74555, 243.2221, 267.7451, 296.57045]),
                                  'regret': np.array([9.80000753, 16.08000128, 20.7742544, 25.62532062, 28.49896274,
                                                      32.55553119, 35.58773224, 39.8750759, 41.37263242, 43.95457749]),
                                  'standardError': np.array([0.16829337, 0.26427718, 0.3355668, 0.36173327, 0.48711872,
                                                             0.50408768, 0.57471424, 0.56570824, 0.69627288,
                                                             0.75709289])},
                       'm_NADAETC': {'reward': np.array([25.96175, 56.8623, 91.41605, 120.4059, 156.2817, 187.83555,
                                                         220.8869, 242.74715, 277.97885, 325.45825]),
                                     'regret': np.array([9.02633562, 13.46315106, 17.40494026, 19.41907015, 23.02536095,
                                                         23.8098671, 26.72065436, 26.77712919, 29.82727977,
                                                         30.71789514]),
                                     'standardError': np.array(
                                         [0.15106229, 0.22445344, 0.32293194, 0.36865527, 0.43607455,
                                          0.50594949, 0.55864826, 0.62331457, 0.68867695, 0.6521812])}},
    'K4_m2_alpha0.4': {'m_naiveUCB1': {'reward': np.array([18.5014, 36.6557, 55.30115, 73.9816, 93.67415, 112.9742,
                                                           134.3893, 152.7894, 172.95435, 194.7516]),
                                       'cumreward': np.array([51.1133, 102.3914, 153.8754, 206.2244, 257.7973, 311.6404,
                                                              366.9245, 414.5985, 470.2888, 523.2061]),
                                       'cumReg': np.array([-23.89875921, -48.33834512, -73.02190713, -98.20589148,
                                                           -122.93588374, -149.39397156, -175.8572038, -199.07775482,
                                                           -226.56392838, -251.82485558]),
                                       'regret': np.array(
                                           [8.71314079, 17.39735488, 25.55234287, 34.03690852, 41.18726626,
                                            49.27222844, 56.6779962, 62.73134518, 70.77052162, 76.62964442]),
                                       'standardError': np.array(
                                           [0.05016144, 0.0908065, 0.15250825, 0.23126359, 0.28958773,
                                            0.36796782, 0.49927465, 0.49931353, 0.68671713, 0.68560516])},
                       'm_ADAETC_': {'reward': np.array([20.2017, 42.50985, 65.6353, 89.2789, 113.0068, 137.64975,
                                                         163.3379, 185.51835, 211.3562, 236.51455]),
                                     'cumreward': np.array([51.2115, 102.4588, 153.9588, 206.3446, 258.0803, 311.9002,
                                                            367.4401, 415.0816, 470.8314, 524.3438]),
                                     'regret': np.array([7.01284079, 11.54320488, 15.21819287, 18.73960852, 21.85461626,
                                                         24.59667844, 27.7293962, 30.00239518, 32.36867162,
                                                         34.86669442]),
                                     'standardError': np.array(
                                         [0.04594816, 0.07423864, 0.10251416, 0.12877501, 0.13573452,
                                          0.16424796, 0.15444716, 0.19039208, 0.17678979, 0.20210839])},
                       'm_ETC_': {'reward': np.array([19.78575, 41.8452, 64.402, 87.68055, 111.5555, 135.64835,
                                                      161.04375, 182.97925, 208.5701, 233.53305]),
                                  'regret': np.array([7.42879079, 12.20785488, 16.45149287, 20.33795852, 23.30591626,
                                                      26.59807844, 30.0235462, 32.54149518, 35.15477162, 37.84819442]),
                                  'standardError': np.array([0.04809534, 0.08323579, 0.10976793, 0.1383638, 0.16078129,
                                                             0.1814009, 0.17364476, 0.19223189, 0.20564217,
                                                             0.21892381])},
                       'm_NADAETC': {'reward': np.array([19.64665, 41.5491, 64.63055, 87.38045, 111.68265, 135.79485,
                                                         160.40645, 182.6239, 206.8541, 232.5267]),
                                     'regret': np.array([7.31898266, 12.12266628, 16.51485904, 20.12833714, 23.23238394,
                                                         26.53647941, 29.88367147, 32.47467541, 35.22543576,
                                                         37.69652654]),
                                     'standardError': np.array(
                                         [0.04774894, 0.08735918, 0.10537191, 0.14151077, 0.15315486,
                                          0.16371771, 0.16324285, 0.19883058, 0.18931081, 0.22762288])}},
    'K8_m4_alpha0.0': {'m_naiveUCB1': {'reward': np.array([13.882725, 29.9271, 44.3982, 62.1918, 76.2575,
                                                           94.98575, 108.9081, 124.464825, 139.70635, 153.605575]),
                                       'cumreward': np.array([62.572, 132.8374, 198.0167, 274.8944, 334.2073, 414.1772,
                                                              473.9737, 542.8781, 607.5514, 665.583]),
                                       'cumReg': np.array([-44.7590023, -96.24911389, -144.31988071, -201.19482053,
                                                           -244.98320291, -304.45972714, -348.89120702, -399.98281718,
                                                           -447.9779005, -491.04747449]),
                                       'regret': np.array([3.9302727, 6.66118611, 9.29861929, 11.50777947, 12.96659709,
                                                           14.73172286, 16.17439298, 18.43045782, 19.8671495,
                                                           20.92995051]),
                                       'standardError': np.array(
                                           [0.06221565, 0.10852303, 0.18633649, 0.22773148, 0.25993731,
                                            0.31203951, 0.37808331, 0.36047136, 0.46120253, 0.48093607])},
                       'm_ADAETC_': {'reward': np.array([12.535425, 28.65455, 43.760125, 61.839825, 76.337675,
                                                         95.492475, 110.030375, 126.4091, 142.387925, 156.597675]),
                                     'cumreward': np.array([58.3871, 127.3597, 192.1541, 268.515, 327.3174, 406.8596,
                                                            466.6274, 535.9006, 601.101, 659.1349]),
                                     'regret': np.array([5.2775727, 7.93373611, 9.93669429, 11.85975447, 12.88642209,
                                                         14.22499786, 15.05211798, 16.48618282, 17.1855745,
                                                         17.93785051]),
                                     'standardError': np.array(
                                         [0.06281195, 0.08572399, 0.12934686, 0.14765484, 0.15341942,
                                          0.17881544, 0.2121559, 0.22176566, 0.25691354, 0.26701296])},
                       'm_ETC_': {'reward': np.array([11.461025, 26.2229, 40.541225, 57.218125, 70.972,
                                                      88.063525, 101.750575, 117.3529, 132.612275, 145.907925]),
                                  'regret': np.array([6.3519727, 10.36538611, 13.15559429, 16.48145447, 18.25209709,
                                                      21.65394786, 23.33191798, 25.54238282, 26.9612245, 28.62760051]),
                                  'standardError': np.array([0.07576027, 0.10478542, 0.15384642, 0.16560458, 0.19333932,
                                                             0.22924238, 0.26576588, 0.27280155, 0.29657569,
                                                             0.33739239])},
                       'm_NADAETC': {'reward': np.array([11.95055, 26.7256, 41.38465, 59.0101, 73.243525,
                                                         89.78095, 108.459325, 125.354325, 140.65595, 157.8638]),
                                     'regret': np.array([6.23551264, 9.70363023, 12.01622081, 14.79279761, 16.21973003,
                                                         18.15392829, 20.13325294, 21.32301316, 22.96602702,
                                                         23.98373175]),
                                     'standardError': np.array(
                                         [0.07007294, 0.09600205, 0.13706829, 0.15367923, 0.17226845,
                                          0.22275975, 0.22741555, 0.25766563, 0.27130058, 0.28251524])}},
    'K8_m4_alpha0.4': {'m_naiveUCB1': {'reward': np.array([9.5953, 18.6736, 27.776875, 37.293825, 46.3726, 56.129875,
                                                           65.542075, 75.12365, 84.895225, 94.976375]),
                                       'cumreward': np.array([50.7576, 102.0546, 152.8521, 205.8209, 256.6711, 310.0417,
                                                              361.9332, 413.1734, 466.8689, 519.5455]),
                                       'cumReg': np.array([-37.16024305, -74.83295337, -112.18218146, -151.12574775,
                                                           -188.82579787, -228.22312814, -266.55423081, -304.54048014,
                                                           -344.33007815, -383.23909676]),
                                       'regret': np.array(
                                           [4.00205695, 8.54804663, 12.89304354, 17.40132725, 21.47270213,
                                            25.68869686, 29.83689419, 33.50926986, 37.64359685, 41.33002824]),
                                       'standardError': np.array(
                                           [0.01964161, 0.03677384, 0.04782718, 0.06969718, 0.08635775,
                                            0.09405968, 0.11533913, 0.14903521, 0.17809508, 0.1919408])},
                       'm_ADAETC_': {'reward': np.array([9.37845, 20.141675, 31.215325, 42.835675, 54.182125,
                                                         66.126925, 77.814825, 89.455, 101.80315, 113.8328]),
                                     'cumreward': np.array([50.4955, 101.746, 152.5872, 205.7954, 256.3999, 310.1864,
                                                            361.9685, 413.1086, 467.1578, 519.9786]),
                                     'regret': np.array([4.21890695, 7.07997163, 9.45459354, 11.85947725, 13.66317713,
                                                         15.69164686, 17.56414419, 19.17791986, 20.73567185,
                                                         22.47360324]),
                                     'standardError': np.array(
                                         [0.02113186, 0.03598771, 0.04290432, 0.05143457, 0.06598777,
                                          0.07006755, 0.07144753, 0.08481576, 0.08212398, 0.08804986])},
                       'm_ETC_': {'reward': np.array([9.23475, 19.84275, 30.825475, 42.215175, 53.58755,
                                                      65.077925, 76.71065, 88.242875, 100.634925, 112.5137]),
                                  'regret': np.array([4.36260695, 7.37889663, 9.84444354, 12.47997725, 14.25775213,
                                                      16.74064686, 18.66831919, 20.39004486, 21.90389685, 23.79270324]),
                                  'standardError': np.array([0.02236102, 0.03841463, 0.04494231, 0.05501757, 0.06678811,
                                                             0.07625732, 0.07106778, 0.09078135, 0.08890856,
                                                             0.10518837])},
                       'm_NADAETC': {'reward': np.array([9.1831, 19.922675, 30.9843, 42.117175, 53.6295,
                                                         64.61565, 76.7928, 88.49495, 100.32195, 112.2869]),
                                     'regret': np.array([4.36904276, 7.4056665, 9.8555892, 12.35007767, 14.21702176,
                                                         16.66512746, 18.59614598, 20.54772394, 22.00068725,
                                                         23.8700634]),
                                     'standardError': np.array(
                                         [0.02218479, 0.03500937, 0.04502349, 0.05612581, 0.06927525,
                                          0.07341892, 0.08047154, 0.0872579, 0.10269689, 0.10044513])}},
    'K8_m2_alpha0.0': {'m_naiveUCB1': {'reward': np.array([23.19825, 50.7736, 83.60555, 115.9795, 148.0366, 176.182,
                                                           207.16945, 245.74855, 280.16765, 315.7198]),
                                       'cumreward': np.array([68.9103, 141.3916, 222.6333, 303.0538, 378.7422, 458.6225,
                                                              531.6194, 619.0929, 704.644, 779.7608]),
                                       'cumReg': np.array([-26.90124744, -59.10602822, -96.48431636, -134.18130771,
                                                           -169.85698924, -208.20040143, -242.62470288, -284.84791136,
                                                           -326.48463572, -362.43049041]),
                                       'regret': np.array([18.81080256, 31.51197178, 42.54343364, 52.89299229,
                                                           60.84861076, 74.24009857, 81.82524712, 88.49643864,
                                                           97.99171428, 101.61050959]),
                                       'standardError': np.array(
                                           [0.28044206, 0.50946247, 0.73497564, 1.03511541, 1.28582775,
                                            1.55156985, 1.68648749, 2.16051789, 2.30743739, 2.28704242])},
                       'm_ADAETC_': {'reward': np.array([26.81355, 60.02955, 98.1959, 135.83565, 172.5974, 209.4206,
                                                         244.43945, 287.0408, 327.4, 365.2781]),
                                     'cumreward': np.array([68.0815, 140.7567, 222.7251, 303.6552, 380.3104, 460.0652,
                                                            534.465, 622.195, 707.7469, 784.1926]),
                                     'regret': np.array(
                                         [15.19550256, 22.25602178, 27.95308364, 33.03684229, 36.28781076,
                                          41.00149857, 44.55524712, 47.20418864, 50.75936428, 52.05220959]),
                                     'standardError': np.array(
                                         [0.13640645, 0.17695487, 0.22795698, 0.29187332, 0.32759694,
                                          0.39563882, 0.43927886, 0.46166893, 0.52081984, 0.52237167])},
                       'm_ETC_': {'reward': np.array([23.73675, 53.8705, 89.04265, 123.7971, 156.53105, 192.5167,
                                                      226.21035, 263.5072, 301.4663, 336.0335]),
                                  'regret': np.array([18.27230256, 28.41507178, 37.10633364, 45.07539229, 52.35416076,
                                                      57.90539857, 62.78434712, 70.73778864, 76.69306428, 81.29680959]),
                                  'standardError': np.array([0.16143983, 0.23673705, 0.29480469, 0.37455899, 0.41715395,
                                                             0.40535063, 0.53329734, 0.51025723, 0.48565188,
                                                             0.6808935])},
                       'm_NADAETC': {'reward': np.array([23.35655, 56.36825, 90.6275, 125.718, 161.7605, 201.0461,
                                                         238.5204, 276.162, 315.90675, 352.79355]),
                                     'regret': np.array(
                                         [17.64108707, 27.45798703, 33.83783354, 40.26177653, 45.64362078,
                                          50.34766632, 54.09951962, 59.79596977, 63.68089828, 66.16243888]),
                                     'standardError': np.array(
                                         [0.14735531, 0.1792903, 0.26230524, 0.29809894, 0.37329858,
                                          0.3785748, 0.42290715, 0.54946838, 0.55703503, 0.61340417])}},
    'K8_m2_alpha0.4': {'m_naiveUCB1': {'reward': np.array([12.34205, 24.1454, 35.96505, 48.25275, 60.8886, 73.7937,
                                                           86.08495, 101.9289, 114.29415, 127.9011]),
                                       'cumreward': np.array([50.6872, 102.6106, 153.9929, 206.2607, 259.527, 310.4572,
                                                              362.5086, 419.2473, 467.1884, 521.1651]),
                                       'cumReg': np.array([-22.46504497, -45.79542512, -68.9410729, -92.99444536,
                                                           -117.65348432, -140.75813803, -165.11760065, -190.65992906,
                                                           -213.3138145, -238.3911755]),
                                       'regret': np.array([15.88010503, 32.66977488, 49.0867771, 65.01350464,
                                                           80.98491568, 95.90536197, 111.30604935, 126.65847094,
                                                           139.5804355, 154.8728245]),
                                       'standardError': np.array(
                                           [0.05434163, 0.09430522, 0.12600648, 0.18678588, 0.24029437,
                                            0.29380723, 0.35203377, 0.41514124, 0.58173891, 0.63434855])},
                       'm_ADAETC_': {'reward': np.array([17.00755, 38.17205, 60.31615, 83.02045, 106.4842, 129.54145,
                                                         152.81225, 178.9179, 200.84805, 225.07225]),
                                     'cumreward': np.array([50.8055, 102.9996, 155.3045, 208.1645, 261.67, 313.7075,
                                                            365.9601, 424.4525, 472.7737, 526.6093]),
                                     'regret': np.array([11.21460503, 18.64312488, 24.7356771, 30.24580464, 35.38931568,
                                                         40.15761197, 44.57874935, 49.66947094, 53.0265355,
                                                         57.7016745]),
                                     'standardError': np.array(
                                         [0.04978119, 0.08268587, 0.1012447, 0.13180747, 0.15591031,
                                          0.19334804, 0.19752703, 0.2131689, 0.26175192, 0.26924997])},
                       'm_ETC_': {'reward': np.array([16.39005, 36.8705, 58.7255, 80.83015, 103.2669, 126.74815,
                                                      150.0124, 174.2005, 195.8232, 220.1137]),
                                  'regret': np.array([11.83210503, 19.94467488, 26.3263271, 32.43610464, 38.60661568,
                                                      42.95091197, 47.37859935, 54.38687094, 58.0513855, 62.6602245]),
                                  'standardError': np.array([0.05085282, 0.08301885, 0.10485796, 0.13657768, 0.15592483,
                                                             0.19722884, 0.22828052, 0.2259596, 0.27649805,
                                                             0.28085736])},
                       'm_NADAETC': {'reward': np.array([16.44285, 36.81025, 58.7442, 80.4175, 103.44365, 126.70135,
                                                         150.38285, 172.80535, 197.1215, 221.04085]),
                                     'regret': np.array([11.88592543, 19.8537343, 26.21452497, 32.45629403, 38.82246401,
                                                         43.15344698, 47.45298363, 53.6059291, 58.14876171,
                                                         62.34864897]),
                                     'standardError': np.array(
                                         [0.04674741, 0.08299086, 0.10689284, 0.14966788, 0.16072782,
                                          0.19183697, 0.19470295, 0.22660847, 0.25868548, 0.26368654])}}}

# ---------fig7-------------
fig7 = {'m_naiveUCB1': {'reward': np.array([29.237, 60.789025, 93.32545, 122.991775, 157.5169,
                                            192.1697, 224.90075, 261.031675, 288.596525, 323.4071,
                                            365.05825, 395.3571, 434.4939, 461.418325, 491.9983]),
                        'cumreward': np.array([130.2163, 266.4953, 408.9026, 535.6417, 686.4697, 839.8575,
                                               965.4839, 1129.9509, 1241.7326, 1384.1915, 1558.5848, 1692.1056,
                                               1863.5321, 1968.888, 2102.179]),
                        'cumReg': np.array([-94.34621714, -194.86191029, -300.51025149, -394.5880982,
                                            -506.87410052, -621.22081245, -714.52046366, -837.15212205,
                                            -920.4447021, -1026.66745738, -1157.0317902, -1256.83047921,
                                            -1385.00142401, -1463.41455593, -1562.84507464]),
                        'regret': np.array([6.63308286, 10.84436471, 15.06689851, 18.0618268, 22.07869948,
                                            26.46698755, 26.06268634, 31.76710295, 32.6913729, 34.11694262,
                                            36.4947598, 39.91802079, 44.03677599, 44.05511907, 47.33562536]),
                        'standardError': np.array([0.10585925, 0.19174957, 0.33256341, 0.41408291, 0.47678739,
                                                   0.6165548, 0.57890053, 0.86357524, 0.86330587, 0.92782249,
                                                   1.1814816, 1.09971886, 1.20803116, 1.25535457, 1.48047768])},
        'm_ADAETC_': {'reward': np.array([28.0351, 60.3324, 94.162125, 124.929125, 160.994,
                                          197.512975, 229.7598, 268.707275, 296.476625, 332.139975,
                                          374.999975, 406.758675, 448.628925, 475.7244, 507.696525]),
                      'cumreward': np.array([124.7552, 260.0413, 402.0953, 528.5796, 679.3959, 832.6731,
                                             958.7046, 1123.8388, 1235.8361, 1378.2007, 1552.5854, 1685.7678,
                                             1857.7571, 1963.287, 2097.7731]),
                      'regret': np.array([7.83498286, 11.30098971, 14.23022351, 16.1244768, 18.60159948,
                                          21.12371255, 21.20363634, 24.09150295, 24.8112729, 25.38406762,
                                          26.5530348, 28.51644579, 29.90175099, 29.74904407, 31.63740036]),
                      'standardError': np.array([0.08711635, 0.13880578, 0.18623856, 0.21619891, 0.26688757,
                                                 0.30617275, 0.28538719, 0.38912436, 0.40582109, 0.42162563,
                                                 0.46014285, 0.45459407, 0.47938161, 0.45509017, 0.51760371])},
        'm_ETC_': {'reward': np.array([25.724125, 55.5823, 86.990175, 115.7873, 150.18995,
                                       185.095375, 214.2206, 251.48985, 278.13925, 311.31055,
                                       350.922475, 381.879275, 421.3223, 447.210125, 478.35105]),
                   'regret': np.array([10.14595786, 16.05108971, 21.40217351, 25.2663018, 29.40564948,
                                       33.54131255, 36.74283634, 41.30892795, 43.1486479, 46.21349262,
                                       50.6305348, 53.39584579, 57.20837599, 58.26331907, 60.98287536]),
                   'standardError': np.array([0.10874184, 0.17412211, 0.21146814, 0.27907835, 0.32844223,
                                              0.36710836, 0.39085526, 0.45745046, 0.50808959, 0.52700305,
                                              0.51147775, 0.52167221, 0.60656311, 0.52071014, 0.68112315])},
        'm_NADAETC': {'reward': array([ 26.5335  ,  57.8523  ,  89.17725 , 121.899975, 157.2171  ,
         185.13355 , 220.392625, 260.8454  , 291.425325, 326.740375,
         363.246875, 395.022625, 443.8442  , 463.529625, 505.441675]),
  'regret': array([ 9.60885991, 14.44407436, 18.15396885, 21.14216119, 24.02594809,
         25.67876087, 28.0835643 , 30.72725931, 31.07997273, 33.49298253,
         36.79434246, 36.32849728, 40.01103284, 39.59067126, 41.96105994]),
  'standardError': array([0.11032996, 0.17633645, 0.21981131, 0.22982124, 0.2819916 ,
         0.32712729, 0.39781997, 0.43491059, 0.43066417, 0.49519486,
         0.51144452, 0.60244029, 0.62237514, 0.60721761, 0.71734466])}}
