'dashcam': {'naiveUCB1': {'reward': array([ 19.94 ,  38.922,  59.104,  78.226,  99.308, 117.668, 141.538,
          160.384, 181.3  , 201.682]),
   'cumreward': array([ 85.598, 170.97 , 256.204, 342.386, 427.548, 513.522, 598.658,
          684.268, 771.564, 856.262]),
   'cumReg': array([ 2.202,  4.63 ,  7.196,  8.814, 11.452, 13.278, 15.942, 18.132,
          18.636, 21.738]),
   'regret': array([ 67.86 , 136.678, 204.296, 272.974, 339.692, 409.132, 473.062,
          542.016, 608.9  , 676.318]),
   'standardError': array([0.19731194, 0.401536  , 0.63465569, 0.80295781, 0.96406398,
          1.04848928, 1.38769649, 1.4647503 , 1.84701597, 2.00286414]),
   'standardError_cumReg': array([0.21210365, 0.33992205, 0.43978158, 0.46903522, 0.54284893,
          0.56421907, 0.61682604, 0.64063231, 0.63666871, 0.76243135]),
   'standardError_perSim': 0.0,
   'pullRatios': array([[0., 0., 0., 0., 0., 0., 0., 0., 0., 0.],
          [0., 0., 0., 0., 0., 0., 0., 0., 0., 0.],
          [0., 0., 0., 0., 0., 0., 0., 0., 0., 0.],
          [0., 0., 0., 0., 0., 0., 0., 0., 0., 0.]]),
   'numSwitches': array([[0., 0., 0., 0., 0., 0., 0., 0., 0., 0.],
          [0., 0., 0., 0., 0., 0., 0., 0., 0., 0.],
          [0., 0., 0., 0., 0., 0., 0., 0., 0., 0.],
          [0., 0., 0., 0., 0., 0., 0., 0., 0., 0.]]),
   'numSwitchErrors': array([[0., 0., 0., 0., 0., 0., 0., 0., 0., 0.],
          [0., 0., 0., 0., 0., 0., 0., 0., 0., 0.],
          [0., 0., 0., 0., 0., 0., 0., 0., 0., 0.],
          [0., 0., 0., 0., 0., 0., 0., 0., 0., 0.]])},
  'TS': {'reward': array([ 46.84 , 100.686, 157.992, 211.597, 258.228, 321.417, 381.792,
          425.38 , 490.434, 552.051]),
   'cumreward': array([ 85.729, 172.289, 258.606, 346.31 , 431.719, 519.221, 605.99 ,
          692.583, 779.549, 866.561]),
   'cumReg': array([ 2.071,  3.311,  4.794,  4.89 ,  7.281,  7.579,  8.61 ,  9.817,
          10.651, 11.439]),
   'regret': array([ 40.96 ,  74.914, 105.408, 139.603, 180.772, 205.383, 232.808,
          277.02 , 299.766, 325.949]),
   'standardError': array([1.00031495, 1.99255389, 3.08981871, 4.17328659, 4.98501535,
          6.04705793, 7.38668557, 8.4869891 , 9.41290126, 9.94316469]),
   'standardError_cumReg': array([0.15223598, 0.27655631, 0.33971726, 0.38436896, 0.43528404,
          0.51963718, 0.54467008, 0.55452462, 0.66456602, 0.67780631]),
   'standardError_perSim': 0.0,
   'pullRatios': array([[0., 0., 0., 0., 0., 0., 0., 0., 0., 0.],
          [0., 0., 0., 0., 0., 0., 0., 0., 0., 0.],
          [0., 0., 0., 0., 0., 0., 0., 0., 0., 0.],
          [0., 0., 0., 0., 0., 0., 0., 0., 0., 0.]]),
   'numSwitches': array([[0., 0., 0., 0., 0., 0., 0., 0., 0., 0.],
          [0., 0., 0., 0., 0., 0., 0., 0., 0., 0.],
          [0., 0., 0., 0., 0., 0., 0., 0., 0., 0.],
          [0., 0., 0., 0., 0., 0., 0., 0., 0., 0.]]),
   'numSwitchErrors': array([[0., 0., 0., 0., 0., 0., 0., 0., 0., 0.],
          [0., 0., 0., 0., 0., 0., 0., 0., 0., 0.],
          [0., 0., 0., 0., 0., 0., 0., 0., 0., 0.],
          [0., 0., 0., 0., 0., 0., 0., 0., 0., 0.]])},
  'ADAETC': {'reward': array([ 57.104, 126.292, 200.252, 276.738, 351.796, 427.786, 505.934,
          583.05 , 662.352, 739.276]),
   'cumreward': array([ 85.776, 171.308, 257.526, 345.38 , 431.3  , 517.372, 604.28 ,
          691.394, 778.422, 864.21 ]),
   'cumReg': array([ 2.024,  4.292,  5.874,  5.82 ,  7.7  ,  9.428, 10.32 , 11.006,
          11.778, 13.79 ]),
   'regret': array([ 30.696,  49.308,  63.148,  74.462,  87.204,  99.014, 108.666,
          119.35 , 127.848, 138.724]),
   'standardError': array([0.18777604, 0.4378988 , 0.57384751, 0.74355199, 0.77625243,
          0.93960951, 0.96126606, 1.20514024, 1.17320798, 1.56327804]),
   'standardError_cumReg': array([0.2550338 , 0.44102989, 0.55346657, 0.66998209, 0.78895627,
          0.94555389, 0.93157501, 1.189472  , 1.06599023, 1.48242875]),
   'standardError_perSim': 0.0,
   'pullRatios': array([0.6533    , 0.7319    , 0.77136667, 0.79425   , 0.81012   ,
          0.82156667, 0.83188571, 0.8390625 , 0.84568889, 0.85107   ])},
  'ETC': {'reward': array([ 56.356, 126.056, 199.406, 273.426, 346.188, 424.282, 500.612,
          575.178, 655.914, 732.02 ]),
   'cumreward': array([ 85.358, 172.288, 258.02 , 344.802, 429.956, 516.82 , 601.148,
          688.366, 777.534, 861.848]),
   'cumReg': array([ 2.442,  3.312,  5.38 ,  6.398,  9.044,  9.98 , 13.452, 14.034,
          12.666, 16.152]),
   'standardError_perSim': 0.0,
   'regret': array([ 31.444,  49.544,  63.994,  77.774,  92.812, 102.518, 113.988,
          127.222, 134.286, 145.98 ]),
   'standardError': array([0.23599288, 0.33087859, 0.53483796, 0.67397125, 0.93780945,
          0.87990952, 1.24073791, 1.20893307, 1.18618128, 1.46134869]),
   'standardError_cumReg': array([0.28016131, 0.37435085, 0.56397518, 0.74366925, 0.99221199,
          0.88433252, 1.21697205, 1.24856415, 1.18159572, 1.39981747])},
  'NADAETC': {'reward': array([ 56.414, 125.396, 199.44 , 273.184, 345.754, 426.152, 502.5  ,
          574.856, 656.03 , 735.594]),
   'cumreward': array([ 85.446, 171.048, 257.894, 344.71 , 429.786, 517.71 , 602.874,
          688.458, 777.592, 865.456]),
   'cumReg': array([ 2.354,  4.552,  5.506,  6.49 ,  9.214,  9.09 , 11.726, 13.942,
          12.608, 12.544]),
   'standardError_perSim': 0.0,
   'regret': array([ 31.386,  50.204,  63.96 ,  78.016,  93.246, 100.648, 112.1  ,
          127.544, 134.17 , 142.406]),
   'standardError': array([0.23401291, 0.3541071 , 0.47249974, 0.69292239, 0.82783503,
          0.70568616, 1.06545202, 1.1453212 , 1.1146708 , 1.09509253]),
   'standardError_cumReg': array([0.2402974 , 0.37655406, 0.53460606, 0.7194074 , 0.84444659,
          0.74066659, 1.0768534 , 1.18759015, 1.1424077 , 1.14576116])}},
 'shovel': {'naiveUCB1': {'reward': array([ 23.282,  51.836,  83.86 , 118.512, 153.292, 193.614, 235.812,
          284.26 , 328.196, 371.572]),
   'cumreward': array([ 86.854, 175.2  , 263.344, 353.166, 442.52 , 532.322, 622.102,
          712.47 , 803.588, 894.332]),
   'cumReg': array([ 8.746, 16.   , 23.456, 29.234, 35.48 , 41.278, 47.098, 52.33 ,
          56.812, 61.668]),
   'regret': array([ 72.318, 139.364, 202.94 , 263.888, 324.708, 379.986, 433.388,
          480.54 , 532.204, 584.428]),
   'standardError': array([0.27065986, 0.63535426, 1.00070175, 1.29766042, 1.64945184,
          1.81168486, 2.42904725, 2.96175691, 3.22313509, 3.24959938]),
   'standardError_cumReg': array([0.20011707, 0.27170572, 0.30718177, 0.34568257, 0.43026503,
          0.49907831, 0.50497125, 0.4852082 , 0.53553577, 0.62101994]),
   'standardError_perSim': 0.0,
   'pullRatios': array([[0., 0., 0., 0., 0., 0., 0., 0., 0., 0.],
          [0., 0., 0., 0., 0., 0., 0., 0., 0., 0.],
          [0., 0., 0., 0., 0., 0., 0., 0., 0., 0.],
          [0., 0., 0., 0., 0., 0., 0., 0., 0., 0.]]),
   'numSwitches': array([[0., 0., 0., 0., 0., 0., 0., 0., 0., 0.],
          [0., 0., 0., 0., 0., 0., 0., 0., 0., 0.],
          [0., 0., 0., 0., 0., 0., 0., 0., 0., 0.],
          [0., 0., 0., 0., 0., 0., 0., 0., 0., 0.]]),
   'numSwitchErrors': array([[0., 0., 0., 0., 0., 0., 0., 0., 0., 0.],
          [0., 0., 0., 0., 0., 0., 0., 0., 0., 0.],
          [0., 0., 0., 0., 0., 0., 0., 0., 0., 0.],
          [0., 0., 0., 0., 0., 0., 0., 0., 0., 0.]])},
  'TS': {'reward': array([ 62.843, 143.515, 235.338, 328.325, 409.333, 513.285, 595.503,
          681.14 , 771.053, 860.19 ]),
   'cumreward': array([ 90.887, 185.016, 280.182, 375.225, 469.498, 566.071, 659.31 ,
          755.335, 848.823, 944.913]),
   'cumReg': array([ 4.713,  6.184,  6.618,  7.175,  8.502,  7.529,  9.89 ,  9.465,
          11.577, 11.087]),
   'regret': array([32.757, 47.685, 51.462, 54.075, 68.667, 60.315, 73.697, 83.66 ,
          89.347, 95.81 ]),
   'standardError': array([1.14238074, 2.1874974 , 2.83053825, 3.51108229, 4.43379392,
          4.09004192, 5.41390616, 6.56313782, 7.68003092, 8.16633623]),
   'standardError_cumReg': array([0.22206115, 0.32890838, 0.49611327, 0.55394212, 0.63161537,
          0.74082238, 0.94626503, 0.98481159, 1.09215491, 1.04782496]),
   'standardError_perSim': 0.0,
   'pullRatios': array([[0., 0., 0., 0., 0., 0., 0., 0., 0., 0.],
          [0., 0., 0., 0., 0., 0., 0., 0., 0., 0.],
          [0., 0., 0., 0., 0., 0., 0., 0., 0., 0.],
          [0., 0., 0., 0., 0., 0., 0., 0., 0., 0.]]),
   'numSwitches': array([[0., 0., 0., 0., 0., 0., 0., 0., 0., 0.],
          [0., 0., 0., 0., 0., 0., 0., 0., 0., 0.],
          [0., 0., 0., 0., 0., 0., 0., 0., 0., 0.],
          [0., 0., 0., 0., 0., 0., 0., 0., 0., 0.]]),
   'numSwitchErrors': array([[0., 0., 0., 0., 0., 0., 0., 0., 0., 0.],
          [0., 0., 0., 0., 0., 0., 0., 0., 0., 0.],
          [0., 0., 0., 0., 0., 0., 0., 0., 0., 0.],
          [0., 0., 0., 0., 0., 0., 0., 0., 0., 0.]])},
  'ADAETC': {'reward': array([ 60.14 , 139.018, 218.5  , 301.178, 386.186, 465.894, 554.49 ,
          641.116, 722.26 , 816.87 ]),
   'cumreward': array([ 88.552, 182.278, 273.888, 367.858, 462.032, 552.396, 648.284,
          743.464, 832.338, 932.928]),
   'cumReg': array([ 7.048,  8.922, 12.912, 14.542, 15.968, 21.204, 20.916, 21.336,
          28.062, 23.072]),
   'regret': array([ 35.46 ,  52.182,  68.3  ,  81.222,  91.814, 107.706, 114.71 ,
          123.684, 138.14 , 139.13 ]),
   'standardError': array([0.36144709, 0.51196168, 0.78479806, 1.12422025, 1.19338931,
          1.61051906, 1.88371627, 1.52664385, 2.59080142, 1.99234008]),
   'standardError_cumReg': array([0.38565394, 0.50203502, 0.73765206, 1.05972938, 1.11696632,
          1.51996574, 1.73644736, 1.48149892, 2.36978766, 1.79481814]),
   'standardError_perSim': 0.0,
   'pullRatios': array([0.6561    , 0.738     , 0.77706667, 0.799425  , 0.81722   ,
          0.82756667, 0.83865714, 0.8464875 , 0.85341111, 0.8604    ])},
  'ETC': {'reward': array([ 60.136, 135.516, 216.046, 293.59 , 377.02 , 463.238, 548.878,
          626.068, 719.604, 801.048]),
   'cumreward': array([ 89.042, 181.054, 274.342, 363.928, 460.406, 553.95 , 649.348,
          738.132, 840.134, 930.014]),
   'cumReg': array([ 6.558, 10.146, 12.458, 18.472, 17.594, 19.65 , 19.852, 26.668,
          20.266, 25.986]),
   'standardError_perSim': 0.0,
   'regret': array([ 35.464,  55.684,  70.754,  88.81 , 100.98 , 110.362, 120.322,
          138.732, 140.796, 154.952]),
   'standardError': array([0.3218059 , 0.46614315, 0.83880799, 1.22475916, 1.11766006,
          1.2680432 , 1.41162855, 1.75851123, 1.09654724, 1.84974835]),
   'standardError_cumReg': array([0.32681854, 0.50969681, 0.82661863, 1.24444211, 1.12659293,
          1.27262367, 1.41370894, 1.74030852, 1.10752717, 1.82969124])},
  'NADAETC': {'reward': array([ 60.25 , 134.188, 214.85 , 295.524, 378.018, 463.318, 549.054,
          629.384, 717.46 , 801.484]),
   'cumreward': array([ 89.122, 179.718, 272.858, 365.852, 461.058, 554.69 , 648.522,
          741.842, 838.234, 930.702]),
   'cumReg': array([ 6.478, 11.482, 13.942, 16.548, 16.942, 18.91 , 20.678, 22.958,
          22.166, 25.298]),
   'standardError_perSim': 0.0,
   'regret': array([ 35.35 ,  57.012,  71.95 ,  86.876,  99.982, 110.282, 120.146,
          135.416, 142.94 , 154.516]),
   'standardError': array([0.30627275, 0.66491997, 0.89158903, 1.10581655, 1.15976237,
          1.38310981, 1.34756033, 1.70659586, 1.64017926, 1.73012642]),
   'standardError_cumReg': array([0.31568206, 0.6841292 , 0.9204012 , 1.08892101, 1.14637968,
          1.40667089, 1.34699932, 1.63418309, 1.62311566, 1.7053199 ])}},
 'blower': {'naiveUCB1': {'reward': array([ 20.752,  42.53 ,  67.34 ,  93.92 , 117.428, 150.226, 175.386,
          210.58 , 241.516, 264.992]),
   'cumreward': array([ 84.252, 168.118, 252.816, 338.094, 422.43 , 507.724, 592.752,
          679.382, 763.282, 848.936]),
   'cumReg': array([ 5.548, 11.482, 16.584, 21.106, 26.57 , 31.076, 35.848, 39.018,
          44.918, 49.064]),
   'regret': array([ 69.048, 137.07 , 202.06 , 265.28 , 331.572, 388.574, 453.214,
          507.82 , 566.684, 633.008]),
   'standardError': array([0.24649738, 0.48710061, 0.88412443, 1.23502874, 1.74463754,
          2.09616727, 2.27259016, 2.82448367, 3.10493179, 3.17115489]),
   'standardError_cumReg': array([0.22723767, 0.35757064, 0.4108886 , 0.48231488, 0.50733322,
          0.51972131, 0.68574118, 0.62813435, 0.69987482, 0.69680918]),
   'standardError_perSim': 0.0,
   'pullRatios': array([[0., 0., 0., 0., 0., 0., 0., 0., 0., 0.],
          [0., 0., 0., 0., 0., 0., 0., 0., 0., 0.],
          [0., 0., 0., 0., 0., 0., 0., 0., 0., 0.],
          [0., 0., 0., 0., 0., 0., 0., 0., 0., 0.]]),
   'numSwitches': array([[0., 0., 0., 0., 0., 0., 0., 0., 0., 0.],
          [0., 0., 0., 0., 0., 0., 0., 0., 0., 0.],
          [0., 0., 0., 0., 0., 0., 0., 0., 0., 0.],
          [0., 0., 0., 0., 0., 0., 0., 0., 0., 0.]]),
   'numSwitchErrors': array([[0., 0., 0., 0., 0., 0., 0., 0., 0., 0.],
          [0., 0., 0., 0., 0., 0., 0., 0., 0., 0.],
          [0., 0., 0., 0., 0., 0., 0., 0., 0., 0.],
          [0., 0., 0., 0., 0., 0., 0., 0., 0., 0.]])},
  'TS': {'reward': array([ 48.947, 116.121, 177.231, 249.024, 329.305, 390.556, 475.467,
          536.52 , 606.677, 722.452]),
   'cumreward': array([ 85.533, 173.279, 260.84 , 348.982, 437.588, 525.615, 614.908,
          704.576, 791.301, 884.085]),
   'cumReg': array([ 4.267,  6.321,  8.56 , 10.218, 11.412, 13.185, 13.692, 13.824,
          16.899, 13.915]),
   'regret': array([ 40.853,  63.479,  92.169, 110.176, 119.695, 148.244, 153.133,
          181.88 , 201.523, 175.548]),
   'standardError': array([1.01418783, 2.119849  , 3.17253246, 4.32588986, 5.09519969,
          6.88088354, 7.51707992, 8.76261046, 9.46041402, 8.87152571]),
   'standardError_cumReg': array([0.1959606 , 0.34246722, 0.41542749, 0.55089961, 0.64332362,
          0.71203221, 0.9299181 , 0.86185563, 0.96231491, 0.99838914]),
   'standardError_perSim': 0.0,
   'pullRatios': array([[0., 0., 0., 0., 0., 0., 0., 0., 0., 0.],
          [0., 0., 0., 0., 0., 0., 0., 0., 0., 0.],
          [0., 0., 0., 0., 0., 0., 0., 0., 0., 0.],
          [0., 0., 0., 0., 0., 0., 0., 0., 0., 0.]]),
   'numSwitches': array([[0., 0., 0., 0., 0., 0., 0., 0., 0., 0.],
          [0., 0., 0., 0., 0., 0., 0., 0., 0., 0.],
          [0., 0., 0., 0., 0., 0., 0., 0., 0., 0.],
          [0., 0., 0., 0., 0., 0., 0., 0., 0., 0.]]),
   'numSwitchErrors': array([[0., 0., 0., 0., 0., 0., 0., 0., 0., 0.],
          [0., 0., 0., 0., 0., 0., 0., 0., 0., 0.],
          [0., 0., 0., 0., 0., 0., 0., 0., 0., 0.],
          [0., 0., 0., 0., 0., 0., 0., 0., 0., 0.]])},
  'ADAETC': {'reward': array([ 57.182, 128.114, 203.336, 276.15 , 355.682, 433.468, 515.074,
          590.704, 669.64 , 756.458]),
   'cumreward': array([ 85.174, 170.466, 258.014, 343.022, 431.498, 519.294, 608.824,
          694.422, 781.19 , 874.154]),
   'cumReg': array([ 4.626,  9.134, 11.386, 16.178, 17.502, 19.506, 19.776, 23.978,
          27.01 , 23.846]),
   'regret': array([ 32.618,  51.486,  66.064,  83.05 ,  93.318, 105.332, 113.526,
          127.696, 138.56 , 141.542]),
   'standardError': array([0.30354038, 0.52814585, 0.75441039, 1.26749951, 1.26822741,
          1.5017782 , 1.6980993 , 2.1889239 , 2.33311466, 1.97105717]),
   'standardError_cumReg': array([0.3287997 , 0.53816767, 0.74378629, 1.23642354, 1.27623351,
          1.47633724, 1.60639044, 2.06127901, 2.17005138, 1.88362811]),
   'standardError_perSim': 0.0,
   'pullRatios': array([0.655     , 0.73635   , 0.77466667, 0.796     , 0.8134    ,
          0.82441667, 0.83491429, 0.8418125 , 0.8485    , 0.85517   ])},
  'ETC': {'reward': array([ 56.608, 126.5  , 200.24 , 274.342, 347.814, 430.196, 510.072,
          584.938, 661.254, 742.856]),
   'cumreward': array([ 84.922, 171.43 , 257.242, 343.324, 429.112, 519.706, 607.812,
          694.74 , 779.14 , 869.4  ]),
   'cumReg': array([ 4.878,  8.17 , 12.158, 15.876, 19.888, 19.094, 20.788, 23.66 ,
          29.06 , 28.6  ]),
   'standardError_perSim': 0.0,
   'regret': array([ 33.192,  53.1  ,  69.16 ,  84.858, 101.186, 108.604, 118.528,
          133.462, 146.946, 155.144]),
   'standardError': array([0.25967549, 0.5368687 , 0.79025059, 1.15038879, 1.4554484 ,
          1.41486389, 1.44153951, 1.79763555, 1.99761028, 2.26031339]),
   'standardError_cumReg': array([0.30507566, 0.54474489, 0.78220353, 1.12044555, 1.44541017,
          1.4004041 , 1.43511901, 1.77728895, 1.94118624, 2.29057198])},
  'NADAETC': {'reward': array([ 56.546, 126.24 , 200.64 , 275.966, 352.106, 431.564, 510.988,
          584.148, 664.176, 743.238]),
   'cumreward': array([ 84.782, 170.978, 257.42 , 345.254, 433.19 , 521.002, 608.286,
          694.438, 782.396, 869.502]),
   'cumReg': array([ 5.018,  8.622, 11.98 , 13.946, 15.81 , 17.798, 20.314, 23.962,
          25.804, 28.498]),
   'standardError_perSim': 0.0,
   'regret': array([ 33.254,  53.36 ,  68.76 ,  83.234,  96.894, 107.236, 117.612,
          134.252, 144.024, 154.762]),
   'standardError': array([0.29568706, 0.62271021, 0.85548583, 1.01655912, 0.98718369,
          1.37079066, 1.67266929, 1.93172176, 1.92310224, 2.42677184]),
   'standardError_cumReg': array([0.32677938, 0.65956286, 0.84084006, 1.03261553, 0.97775815,
          1.36228189, 1.68242742, 1.98270057, 1.86466936, 2.39660175])}},
 'humidifier': {'naiveUCB1': {'reward': array([ 21.164,  42.834,  65.578,  88.386, 114.586, 139.312, 166.712,
          194.954, 217.778, 243.346]),
   'cumreward': array([ 86.38 , 172.628, 259.69 , 346.09 , 433.238, 520.322, 608.31 ,
          695.454, 781.756, 871.348]),
   'cumReg': array([ 4.62 ,  9.372, 13.31 , 17.91 , 21.762, 25.678, 28.69 , 32.546,
          37.244, 38.652]),
   'regret': array([ 69.836, 139.166, 207.422, 275.614, 340.414, 406.688, 470.288,
          533.046, 601.222, 666.654]),
   'standardError': array([0.26183017, 0.41500896, 0.66131321, 0.97193109, 1.37305282,
          1.57213567, 1.81530233, 2.49295464, 2.53387434, 3.0988809 ]),
   'standardError_cumReg': array([0.24554429, 0.34081103, 0.40333981, 0.43109512, 0.53325937,
          0.58340309, 0.57504348, 0.59091695, 0.68785801, 0.72942509]),
   'standardError_perSim': 0.0,
   'pullRatios': array([[0., 0., 0., 0., 0., 0., 0., 0., 0., 0.],
          [0., 0., 0., 0., 0., 0., 0., 0., 0., 0.],
          [0., 0., 0., 0., 0., 0., 0., 0., 0., 0.],
          [0., 0., 0., 0., 0., 0., 0., 0., 0., 0.]]),
   'numSwitches': array([[0., 0., 0., 0., 0., 0., 0., 0., 0., 0.],
          [0., 0., 0., 0., 0., 0., 0., 0., 0., 0.],
          [0., 0., 0., 0., 0., 0., 0., 0., 0., 0.],
          [0., 0., 0., 0., 0., 0., 0., 0., 0., 0.]]),
   'numSwitchErrors': array([[0., 0., 0., 0., 0., 0., 0., 0., 0., 0.],
          [0., 0., 0., 0., 0., 0., 0., 0., 0., 0.],
          [0., 0., 0., 0., 0., 0., 0., 0., 0., 0.],
          [0., 0., 0., 0., 0., 0., 0., 0., 0., 0.]])},
  'TS': {'reward': array([ 51.544, 108.373, 178.525, 239.503, 315.727, 379.569, 471.508,
          543.574, 612.908, 684.044]),
   'cumreward': array([ 87.544, 176.214, 265.589, 354.707, 444.515, 534.475, 625.349,
          716.566, 804.936, 895.452]),
   'cumReg': array([ 3.456,  5.786,  7.411,  9.293, 10.485, 11.525, 11.651, 11.434,
          14.064, 14.548]),
   'regret': array([ 39.456,  73.627,  94.475, 124.497, 139.273, 166.431, 165.492,
          184.426, 206.092, 225.956]),
   'standardError': array([ 1.06968141,  2.15188461,  3.30095878,  4.76196472,  5.24483197,
           6.90162084,  7.38103039,  8.383117  ,  8.97200756, 10.14337411]),
   'standardError_cumReg': array([0.18129622, 0.29235769, 0.37388286, 0.45565969, 0.55746468,
          0.64003193, 0.67118104, 0.70586558, 0.87610931, 0.85503244]),
   'standardError_perSim': 0.0,
   'pullRatios': array([[0., 0., 0., 0., 0., 0., 0., 0., 0., 0.],
          [0., 0., 0., 0., 0., 0., 0., 0., 0., 0.],
          [0., 0., 0., 0., 0., 0., 0., 0., 0., 0.],
          [0., 0., 0., 0., 0., 0., 0., 0., 0., 0.]]),
   'numSwitches': array([[0., 0., 0., 0., 0., 0., 0., 0., 0., 0.],
          [0., 0., 0., 0., 0., 0., 0., 0., 0., 0.],
          [0., 0., 0., 0., 0., 0., 0., 0., 0., 0.],
          [0., 0., 0., 0., 0., 0., 0., 0., 0., 0.]]),
   'numSwitchErrors': array([[0., 0., 0., 0., 0., 0., 0., 0., 0., 0.],
          [0., 0., 0., 0., 0., 0., 0., 0., 0., 0.],
          [0., 0., 0., 0., 0., 0., 0., 0., 0., 0.],
          [0., 0., 0., 0., 0., 0., 0., 0., 0., 0.]])},
  'ADAETC': {'reward': array([ 58.464, 130.404, 205.256, 282.48 , 360.462, 443.384, 519.76 ,
          600.786, 684.116, 759.424]),
   'cumreward': array([ 87.4  , 175.028, 262.588, 350.728, 439.9  , 532.226, 617.578,
          708.772, 799.906, 883.684]),
   'cumReg': array([ 3.6  ,  6.972, 10.412, 13.272, 15.1  , 13.774, 19.422, 19.228,
          19.094, 26.316]),
   'regret': array([ 32.536,  51.596,  67.744,  81.52 ,  94.538, 102.616, 117.24 ,
          127.214, 134.884, 150.576]),
   'standardError': array([0.2752436 , 0.48033305, 0.84589872, 0.94794515, 1.16415014,
          1.09733379, 1.65631639, 1.67510777, 1.71664133, 2.18482636]),
   'standardError_cumReg': array([0.29465913, 0.44458538, 0.78333553, 0.93501025, 1.05948478,
          1.08576482, 1.59555607, 1.61635645, 1.62792249, 2.18293963]),
   'standardError_perSim': 0.0,
   'pullRatios': array([0.6541    , 0.73415   , 0.77246667, 0.795875  , 0.81088   ,
          0.82353333, 0.83435714, 0.840525  , 0.84724444, 0.85243   ])},
  'ETC': {'reward': array([ 58.01 , 129.266, 206.016, 281.188, 355.75 , 436.51 , 517.638,
          594.982, 674.874, 757.884]),
   'cumreward': array([ 87.216, 175.356, 264.704, 352.322, 439.25 , 529.142, 618.304,
          708.688, 796.984, 888.08 ]),
   'cumReg': array([ 3.784,  6.644,  8.296, 11.678, 15.75 , 16.858, 18.696, 19.312,
          22.016, 21.92 ]),
   'standardError_perSim': 0.0,
   'regret': array([ 32.99 ,  52.734,  66.984,  82.812,  99.25 , 109.49 , 119.362,
          133.018, 144.126, 152.116]),
   'standardError': array([0.27951923, 0.53005702, 0.59395407, 0.88600144, 1.06715088,
          1.28986627, 1.22530876, 1.38028141, 1.76307154, 1.78021837]),
   'standardError_cumReg': array([0.32703125, 0.53750967, 0.59812026, 0.91702517, 1.05940502,
          1.25512803, 1.23859107, 1.39188885, 1.7616871 , 1.78202357])},
  'NADAETC': {'reward': array([ 57.664, 128.508, 203.152, 280.714, 357.1  , 435.642, 519.472,
          595.44 , 675.486, 754.608]),
   'cumreward': array([ 87.268, 174.55 , 262.344, 351.84 , 441.102, 528.406, 619.926,
          708.558, 797.108, 884.946]),
   'cumReg': array([ 3.732,  7.45 , 10.656, 12.16 , 13.898, 17.594, 17.074, 19.442,
          21.892, 25.054]),
   'standardError_perSim': 0.0,
   'regret': array([ 33.336,  53.492,  69.848,  83.286,  97.9  , 110.358, 117.528,
          132.56 , 143.514, 155.392]),
   'standardError': array([0.27521453, 0.47332374, 0.77967747, 0.87267064, 0.98752418,
          1.41919779, 1.27618344, 1.44474219, 1.63220649, 1.97157586]),
   'standardError_cumReg': array([0.3293414 , 0.52277242, 0.77802355, 0.87601826, 0.97086557,
          1.46566969, 1.31466697, 1.40957098, 1.65870653, 1.96297704])}}}
